1651 2 0 0 0
-32768
-31457
-30147
-28836
-27525
-26214
-24904
-23593
-22282
-20972
-19661
-18350
-17039
-15729
-14418
-13107
-11796
-10486
-9175
-7864
-6554
-5243
-3932
-2621
-1311
0
1311
2621
3932
5243
6554
7864
9175
10486
11796
13107
14418
15729
17039
18350
19661
20972
22282
23593
24904
26214
27525
28836
30147
31457
32767
31457
30147
28836
27525
26214
24904
23593
22282
20972
19661
18350
17039
15729
14418
13107
11796
10486
9175
7864
6554
5243
3932
2621
1311
0
-1311
-2621
-3932
-5243
-6554
-7864
-9175
-10486
-11796
-13107
-14418
-15729
-17039
-18350
-19661
-20972
-22282
-23593
-24904
-26214
-27525
-28836
-30147
-31457
-32768
-31457
-30147
-28836
-27525
-26214
-24904
-23593
-22282
-20972
-19661
-18350
-17039
-15729
-14418
-13107
-11796
-10486
-9175
-7864
-6554
-5243
-3932
-2621
-1311
0
1311
2621
3932
5243
6554
7864
9175
10486
11796
13107
14418
15729
17039
18350
19661
20972
22282
23593
24904
26214
27525
28836
30147
31457
32767
31457
30147
28836
27525
26214
24904
23593
22282
20972
19661
18350
17039
15729
14418
13107
11796
10486
9175
7864
6554
5243
3932
2621
1311
0
-1311
-2621
-3932
-5243
-6554
-7864
-9175
-10486
-11796
-13107
-14418
-15729
-17039
-18350
-19661
-20972
-22282
-23593
-24904
-26214
-27525
-28836
-30147
-31457
-32768
